40 499
5 37
24 19
11 23
40 35
15 5
39 35
20 39
26 11
23 7
16 11
31 39
30 28
10 8
17 19
12 14
37 19
27 3
14 6
28 22
2 11
6 30
21 5
2 27
4 11
27 8
12 6
10 28
27 28
10 3
22 8
29 11
31 30
1 32
22 14
14 38
36 15
20 12
3 17
36 21
12 39
22 17
25 25
31 24
34 27
2 6
33 13
34 14
18 4
26 10
13 24
18 20
36 10
19 2
13 25
22 20
22 2
1 33
21 3
29 16
8 29
4 7
33 36
17 20
36 37
27 36
20 15
8 31
4 33
40 6
35 29
2 15
13 37
26 36
24 20
32 16
26 25
31 28
24 39
16 12
19 30
7 30
16 9
25 3
40 29
26 15
9 40
20 14
13 28
17 24
16 17
38 11
34 16
15 12
22 27
20 5
24 33
26 16
10 6
3 37
34 32
4 27
11 31
27 21
12 9
36 24
14 35
15 40
2 9
12 27
21 40
8 12
38 4
7 38
6 24
6 9
17 5
36 40
11 12
9 33
8 2
6 3
30 8
24 34
7 20
37 25
31 37
30 33
9 7
13 7
5 18
30 9
10 37
28 17
37 31
22 40
4 16
30 31
32 13
15 20
31 33
25 39
34 15
5 26
13 17
7 14
3 3
38 17
17 26
7 4
10 13
29 23
9 8
32 1
23 22
40 1
33 26
32 10
5 20
13 36
13 14
30 11
9 29
28 39
40 7
28 3
36 6
35 32
33 12
28 4
38 26
40 13
11 38
14 12
36 26
34 12
7 13
33 1
4 4
5 17
25 22
5 22
8 37
14 15
13 11
18 2
8 18
35 13
29 5
21 11
37 34
30 30
32 3
28 16
18 39
3 19
8 15
27 39
3 2
1 37
30 2
26 13
40 37
38 21
14 34
19 4
7 36
13 6
13 18
5 38
34 21
39 28
6 40
3 24
21 29
14 33
18 29
23 13
2 24
32 28
35 37
16 21
18 1
15 25
13 29
11 26
37 17
8 23
28 25
8 19
29 30
30 3
36 25
13 4
32 9
7 27
25 13
39 32
33 14
1 20
17 28
9 30
23 3
16 8
29 8
26 14
6 6
11 6
29 22
14 40
12 37
5 8
17 4
19 6
22 1
22 7
35 4
34 25
20 23
33 16
39 15
18 14
15 4
14 28
38 5
32 2
11 29
17 13
31 21
35 26
27 23
9 27
2 21
34 4
11 18
8 4
35 3
30 17
15 27
22 39
37 4
26 2
40 19
15 29
37 29
24 36
35 28
40 31
34 36
7 2
22 30
23 1
3 8
35 39
35 16
35 38
37 8
4 25
24 31
12 25
26 21
30 4
19 22
39 18
3 23
30 37
15 36
30 19
1 36
6 18
10 22
32 33
28 23
13 21
19 40
31 5
9 35
33 8
15 37
28 2
18 38
22 24
30 1
17 35
27 33
37 23
11 34
3 12
30 20
34 18
5 39
10 36
25 31
12 26
21 10
25 10
16 37
11 21
33 4
5 1
11 19
2 29
27 14
16 10
1 39
3 32
36 9
5 2
23 16
8 20
24 10
13 39
19 3
40 11
17 1
3 25
14 23
9 15
2 8
2 4
29 3
39 14
3 4
38 25
12 21
9 39
11 27
39 25
9 38
11 40
2 38
19 11
10 29
17 32
16 32
21 30
9 31
36 34
23 15
38 23
21 27
23 5
9 20
9 2
17 23
30 16
26 3
9 9
28 31
20 35
18 33
2 19
30 34
11 39
22 3
11 36
11 35
10 25
20 33
18 23
32 4
3 36
34 31
11 24
15 15
24 17
26 26
9 17
24 18
7 35
40 20
20 30
32 20
32 21
4 34
23 30
12 16
31 12
29 12
4 9
12 30
25 28
2 40
7 18
11 14
33 40
35 23
8 14
12 15
34 29
4 26
3 29
38 29
33 9
11 25
2 14
4 2
22 11
31 23
23 2
24 2
22 10
8 34
28 29
34 6
39 26
27 4
7 33
31 14
13 33
29 13
5 5
37 3
19 9
2 32
32 5
3 34
18 31
29 7
40 23
26 4
4 10
2 17
30 35
40 21
13 22
32 39
4 14
10 18
7 19
28 15
14 4
28 21
18 37
19 15
32 31
18 15
28 27
38 40
30 24
39 33
16 31
33 35
25 1
9 3
3 31
18 32
38 7
23 34
4 37
26 34
10 7
27 32
4 23
24 38
21 35
34 39
37 40
22 19
12 34
25 40 19 1

